0.000001	0.000000	0.000000	0.000007	0.000001	0.000000	0.000000	0.000007	0.000000	0.000000	0.000000	0.000007	4.068750	0.000000	0.000000	0.000007	0.375000	0.000000	0.000000	0.000007	1207932.796687	0.000000	0.000027	0.000007	0.000001	0.000000	4.068750	0.000001	0.375000	1207932.796687	0.000003
0.002006	0.000000	7.323477	0.010690	0.002001	0.000000	7.305019	0.010690	0.000142	0.000000	0.519626	0.010690	4.068750	0.000000	14851.852932	0.010690	0.000000	0.000000	0.000021	0.010690	0.000012	0.000000	0.043523	0.010690	0.002001	0.000142	4.068750	0.002006	0.000000	0.000012	341455.092982
0.007266	0.000000	63.635867	0.022699	0.007247	0.000000	63.475481	0.022699	0.000516	0.000000	4.515182	0.022699	4.068750	0.000000	46387.321434	0.022699	0.000000	0.000000	0.000141	0.022699	0.000012	0.000000	0.135879	0.022699	0.007247	0.000516	4.068750	0.007266	0.000000	0.000012	341455.269297
0.017249	0.000000	263.126860	0.033871	0.017206	0.000000	262.463683	0.033871	0.001224	0.000000	18.669749	0.033871	4.068750	0.000000	93443.841510	0.033871	0.000000	0.000000	0.000479	0.033871	0.000012	0.000000	0.273691	0.033871	0.017206	0.001224	4.068750	0.017249	0.000000	0.000012	341455.280468
0.034317	0.000000	790.779551	0.045031	0.034230	0.000000	788.786494	0.045031	0.002435	0.000000	56.108508	0.045031	4.068750	0.000000	156004.701149	0.045031	0.000000	0.000000	0.001248	0.045031	0.000012	0.000000	0.456909	0.045031	0.034230	0.002435	4.068750	0.034317	0.000000	0.000012	341455.291629
0.061758	0.000000	1947.258240	0.054842	0.061602	0.000000	1942.350430	0.054842	0.004382	0.000000	138.164617	0.054842	4.068750	0.000000	232196.036762	0.054842	0.000000	0.000000	0.002752	0.054842	0.000012	0.000000	0.680046	0.054842	0.061602	0.004382	4.068750	0.061758	0.000000	0.000012	341455.301440
0.105288	0.000000	4373.013588	0.067474	0.105023	0.000000	4361.991977	0.067474	0.007471	0.000000	310.280237	0.067474	4.068750	0.000000	325936.719979	0.067474	0.000000	0.000000	0.005690	0.067474	0.000012	0.000000	0.954579	0.067474	0.105023	0.007471	4.068750	0.105288	0.000000	0.000012	341455.314072
0.172538	0.000000	8962.125259	0.077895	0.172103	0.000000	8939.537391	0.077895	0.012242	0.000000	635.893370	0.077895	4.068750	0.000000	434156.234328	0.077895	0.000000	0.000000	0.010928	0.077895	0.000012	0.000000	1.271515	0.077895	0.172103	0.012242	4.068750	0.172538	0.000000	0.000012	341455.324493
0.275802	0.000000	17498.252029	0.090642	0.275107	0.000000	17454.149969	0.090642	0.019569	0.000000	1241.560694	0.090642	4.068750	0.000000	560084.875223	0.090642	0.000000	0.000000	0.020288	0.090642	0.000012	0.000000	1.640315	0.090642	0.275107	0.019569	4.068750	0.275802	0.000000	0.000012	341455.337240
0.432806	0.000000	32554.580907	0.101881	0.431715	0.000000	32472.531334	0.101881	0.030709	0.000000	2309.858608	0.101881	4.068750	0.000000	701627.498325	0.101881	0.000000	0.000000	0.036284	0.101881	0.000012	0.000000	2.054842	0.101881	0.431715	0.030709	4.068750	0.432806	0.000000	0.000012	341455.348479
0.670198	0.000000	58172.143847	0.111944	0.668509	0.000000	58025.528550	0.111944	0.047553	0.000000	4127.512119	0.111944	4.068750	0.000000	857150.907104	0.111944	0.000001	0.000000	0.062858	0.111944	0.000012	0.000000	2.510315	0.111944	0.668509	0.047553	4.068750	0.670198	0.000001	0.000012	341455.358542
1.028531	0.000000	101690.475612	0.123914	1.025938	0.000000	101434.178039	0.123914	0.072978	0.000000	7215.286264	0.123914	4.068750	0.000000	1029304.452493	0.123914	0.000001	0.000000	0.107261	0.123914	0.000012	0.000000	3.014490	0.123914	1.025938	0.072978	4.068750	1.028531	0.000001	0.000012	341455.370513
1.567915	0.000000	173412.159129	0.133966	1.563963	0.000000	172975.096411	0.133966	0.111249	0.000000	12304.184461	0.133966	4.068750	0.000000	1215422.740850	0.133966	0.000002	0.000000	0.179520	0.133966	0.000012	0.000000	3.559564	0.133966	1.563963	0.111249	4.068750	1.567915	0.000002	0.000012	341455.380564
2.379310	0.000000	292300.760733	0.146337	2.373314	0.000000	291564.054809	0.146337	0.168820	0.000000	20739.736453	0.146337	4.068750	0.000000	1418728.714843	0.146337	0.000002	0.000000	0.298257	0.146337	0.000012	0.000000	4.154974	0.146337	2.373314	0.168820	4.068750	2.379310	0.000002	0.000012	341455.392935
3.598304	0.000000	484551.410098	0.156472	3.589235	0.000000	483330.161501	0.156472	0.255312	0.000000	34380.576083	0.156472	4.068750	0.000000	1636114.419332	0.156472	0.000004	0.000000	0.488995	0.156472	0.000012	0.000000	4.791618	0.156472	3.589235	0.255312	4.068750	3.598304	0.000004	0.000012	341455.403069
5.428745	0.000000	793887.240314	0.166877	5.415063	0.000000	791886.351124	0.166877	0.385188	0.000000	56329.008849	0.166877	4.068750	0.000000	1867956.232770	0.166877	0.000005	0.000000	0.794454	0.166877	0.000012	0.000000	5.470600	0.166877	5.415063	0.385188	4.068750	5.428745	0.000005	0.000012	341455.413475
8.176437	0.000000	1290016.983975	0.177704	8.155830	0.000000	1286765.664509	0.177704	0.580146	0.000000	91531.107209	0.177704	4.068750	0.000000	2114839.780927	0.177704	0.000008	0.000000	1.282730	0.177704	0.000012	0.000000	6.193633	0.177704	8.155830	0.580146	4.068750	8.176437	0.000008	0.000012	341455.424302
12.300563	0.000000	2094344.267168	0.191502	12.269561	0.000000	2089065.745745	0.191502	0.872767	0.000000	148600.872726	0.191502	4.068750	0.087892	2375145.992326	0.191502	0.000012	0.000000	2.072509	0.191502	0.000012	0.000000	6.972807	0.191502	12.269561	0.872767	3.980858	12.300563	0.000012	0.000012	341455.438100
18.488875	0.000000	3374854.059069	0.202833	18.442276	0.000000	3366348.179816	0.202833	1.311849	0.000000	239457.412214	0.202833	4.068750	0.087892	2650853.836503	0.202833	0.000018	0.000000	3.327702	0.202833	0.000012	0.000000	7.798084	0.202833	18.442276	1.311849	3.980858	18.488875	0.000018	0.000012	341455.449431
27.773412	0.000000	5403029.046533	0.213866	27.703413	0.000000	5389411.416892	0.213866	1.970618	0.000000	383363.348742	0.213866	4.068750	0.087892	2941559.092708	0.213866	0.000027	0.000000	5.313351	0.213866	0.000012	0.000000	8.668252	0.213866	27.703413	1.970618	3.980858	27.773412	0.000027	0.000012	341455.460464
41.702675	0.000000	8634931.682440	0.226966	41.597569	0.000000	8613168.463953	0.226966	2.958947	0.000000	612677.869660	0.226966	4.068750	0.087892	3250070.383914	0.226966	0.000041	0.000000	8.474816	0.226966	0.000012	0.000000	9.591718	0.226966	41.597569	2.958947	3.980858	41.702675	0.000041	0.000012	341455.473564
62.598291	0.000000	13682656.200864	0.236156	62.440521	0.000000	13648170.851433	0.236156	4.441562	0.000000	970831.149653	0.236156	4.068750	0.087892	3571073.960492	0.236156	0.000061	0.000000	13.409442	0.236156	0.000012	0.000000	10.552578	0.236156	62.440521	4.441562	3.980858	62.598291	0.000061	0.000012	341455.482754
93.944002	0.000000	21648997.108153	0.248345	93.707228	0.000000	21594433.636035	0.248345	6.665648	0.000000	1536070.222244	0.248345	4.068750	0.087892	3908646.053775	0.248345	0.000092	0.000000	21.193998	0.248345	0.000012	0.000000	11.563033	0.248345	93.707228	6.665648	3.980858	93.944002	0.000092	0.000012	341455.494942
140.964108	0.000000	33998159.826260	0.256563	140.608827	0.000000	33912471.901020	0.256563	10.001885	0.000000	2412285.458735	0.256563	4.068750	0.087892	4257389.190987	0.256563	0.000138	0.000000	33.257641	0.256563	0.000012	0.000000	12.606925	0.256563	140.608827	10.001885	3.980858	140.964108	0.000138	0.000012	341455.503162
211.496248	0.000000	53288745.757154	0.267121	210.963199	0.000000	53154438.427408	0.267121	15.006381	0.000000	3781018.359851	0.267121	4.068750	0.087892	4620483.513178	0.267121	0.000207	0.000000	52.098282	0.267121	0.000012	0.000000	13.693775	0.267121	210.963199	15.006381	3.980858	211.496248	0.000207	0.000012	341455.513718
317.296738	0.000000	83547294.004040	0.279285	316.497033	0.000000	83336723.952037	0.279285	22.513286	0.000000	5927965.615567	0.279285	4.068750	0.087892	5000112.342881	0.279285	0.000310	0.000000	81.646821	0.279285	0.000012	0.000000	14.830118	0.279285	316.497033	22.513286	3.980858	317.296738	0.000310	0.000012	341455.525883
475.999870	0.000000	131017827.365429	0.292067	474.800174	0.000000	130687614.028774	0.292067	33.773815	0.000000	9296161.951230	0.292067	4.068750	1.230484	5283167.020296	0.292067	0.000465	0.000000	127.998835	0.292067	0.000012	0.000000	16.018467	0.292067	474.800174	33.773815	2.838266	475.999870	0.000465	0.000012	341455.538665
714.056411	0.000000	204627142.741523	0.301902	712.256725	0.000000	204111406.731138	0.301902	50.664739	0.000000	14518994.069693	0.301902	4.068750	1.230484	5575752.866961	0.301902	0.000697	0.000000	199.868597	0.301902	0.000012	0.000000	17.246831	0.301902	712.256725	50.664739	2.838266	714.056411	0.000697	0.000012	341455.548500
1071.143187	0.000000	318877878.015228	0.312376	1068.443510	0.000000	318074187.935777	0.312376	76.001264	0.000000	22625473.619145	0.312376	4.068750	1.230484	5878489.190297	0.312376	0.001046	0.000000	311.413839	0.312376	0.000012	0.000000	18.517810	0.312376	1068.443510	76.001264	2.838266	1071.143187	0.001046	0.000012	341455.558974
1606.775608	0.000000	496863201.403696	0.324410	1602.725939	0.000000	495610922.542905	0.324410	114.006212	0.000000	35254139.690262	0.324410	4.068750	1.230484	6192888.815952	0.324410	0.001569	0.000000	485.178564	0.324410	0.000012	0.000000	19.837755	0.324410	1602.725939	114.006212	2.838266	1606.775608	0.001569	0.000012	341455.571008
1780.000000	0.000000	700548930.854987	0.335125	1775.513742	0.000000	698783288.693159	0.335125	126.297074	0.000000	49706337.274430	0.335125	4.068750	1.230484	6517672.092417	0.335125	0.000507	0.000000	543.230329	0.335125	0.000012	0.000000	21.201293	0.335125	1775.513742	126.297074	2.838266	1780.000000	0.000507	0.000012	341455.581722
1780.000000	0.000000	911793142.180369	0.347561	1775.513742	0.000000	909495086.550286	0.347561	126.297074	0.000000	64694834.940960	0.347561	4.068750	1.230484	6854507.605014	0.347561	0.000000	0.000000	543.230329	0.347561	0.000012	0.000000	22.615431	0.347561	1775.513742	126.297074	2.838266	1780.000000	0.000000	0.000012	341455.594159
1780.000000	0.000000	1129098119.259578	0.357532	1775.513742	0.000000	1126252374.792060	0.357532	126.297074	0.000000	80113364.620149	0.357532	4.068750	1.230484	7201007.198471	0.357532	0.000000	0.000000	543.230329	0.357532	0.000012	0.000000	24.070141	0.357532	1775.513742	126.297074	2.838266	1780.000000	0.000000	0.000012	341455.604130
1780.000000	0.000000	1352949647.942086	0.368303	1775.513742	0.000000	1349539714.908112	0.368303	126.297074	0.000000	95996394.475765	0.368303	4.068750	1.230484	7557945.473543	0.368303	0.000000	0.000000	543.230329	0.368303	0.000012	0.000000	25.568675	0.368303	1775.513742	126.297074	2.838266	1780.000000	0.000000	0.000012	341455.614901
1780.000000	0.000000	1584067486.730786	0.380259	1775.513742	0.000000	1580075051.343952	0.380259	126.297074	0.000000	112394993.829771	0.380259	4.068750	1.230484	7926470.107711	0.380259	0.000000	0.000000	543.230329	0.380259	0.000012	0.000000	27.115853	0.380259	1775.513742	126.297074	2.838266	1780.000000	0.000000	0.000012	341455.626856
1780.000000	0.000000	1822799377.879520	0.392786	1775.513742	0.000000	1818205249.914452	0.392786	126.297074	0.000000	129333836.181752	0.392786	4.068750	2.988319	8071376.512732	0.392786	0.000000	0.000000	543.230329	0.392786	0.000012	0.000000	28.714001	0.392786	1775.513742	126.297074	1.080431	1780.000000	0.000000	0.000012	341455.639384
1780.000000	0.000000	2067534713.102785	0.402664	1775.513742	0.000000	2062323761.662115	0.402664	126.297074	0.000000	146698643.377634	0.402664	4.068750	2.988319	8219926.911417	0.402664	0.000000	0.000000	543.230329	0.402664	0.000012	0.000000	30.352339	0.402664	1775.513742	126.297074	1.080431	1780.000000	0.000000	0.000012	341455.649262
1780.000000	0.000000	2313585851.700052	0.404828	1775.513742	0.000000	2307754760.473082	0.404828	126.297074	0.000000	164156811.313094	0.404828	4.068750	2.988319	8369275.981515	0.404828	0.000000	0.000000	543.230329	0.404828	0.000012	0.000000	31.999485	0.404828	1775.513742	126.297074	1.080431	1780.000000	0.000000	0.000012	341455.651428
1780.000000	0.000000	2560971511.495161	0.407024	1775.513742	0.000000	2554516916.995360	0.407024	126.297074	0.000000	181709668.081608	0.407024	4.068750	2.988319	8519435.084441	0.407024	0.000000	0.000000	543.230329	0.407024	0.000012	0.000000	33.655564	0.407024	1775.513742	126.297074	1.080431	1780.000000	0.000000	0.000012	341455.653623
1780.000000	0.000000	2809887644.558890	0.409542	1775.513742	0.000000	2802805689.428105	0.409542	126.297074	0.000000	199371117.151286	0.409542	4.068750	2.988319	8670523.159942	0.409542	0.000000	0.000000	543.230329	0.409542	0.000012	0.000000	35.321889	0.409542	1775.513742	126.297074	1.080431	1780.000000	0.000000	0.000012	341455.656141
1780.000000	0.000000	3060254115.296631	0.411929	1775.513742	0.000000	3052541144.148017	0.411929	126.297074	0.000000	217135472.628227	0.411929	4.068750	2.988319	8822491.567003	0.411929	0.000000	0.000000	543.230329	0.411929	0.000012	0.000000	36.997924	0.411929	1775.513742	126.297074	1.080431	1780.000000	0.000000	0.000012	341455.658528
1780.000000	0.000000	3311790156.599677	0.413853	1775.513742	0.000000	3303443221.683247	0.413853	126.297074	0.000000	234982813.127947	0.413853	4.068750	2.988319	8975169.884521	0.413853	0.000000	0.000000	543.230329	0.413853	0.000012	0.000000	38.681787	0.413853	1775.513742	126.297074	1.080431	1780.000000	0.000000	0.000012	341455.660452
1780.000000	0.000000	3564483192.453065	0.415756	1775.513742	0.000000	3555499377.715037	0.415756	126.297074	0.000000	252912246.339270	0.415756	4.068750	2.988319	9128550.479059	0.415756	0.000000	0.000000	543.230329	0.415756	0.000012	0.000000	40.373396	0.415756	1775.513742	126.297074	1.080431	1780.000000	0.000000	0.000012	341455.662356
1780.000000	0.000000	3819276132.502354	0.419211	1775.513742	0.000000	3809650145.408230	0.419211	126.297074	0.000000	270990674.919236	0.419211	4.068750	2.988319	9283205.681554	0.419211	0.000000	0.000000	543.230329	0.419211	0.000012	0.000000	42.079062	0.419211	1775.513742	126.297074	1.080431	1780.000000	0.000000	0.000012	341455.665810
1780.000000	0.000000	4075411490.438122	0.421420	1775.513742	0.000000	4065139947.598799	0.421420	126.297074	0.000000	289164352.629262	0.421420	4.068750	2.988319	9438675.710040	0.421420	0.000000	0.000000	543.230329	0.421420	0.000012	0.000000	43.793715	0.421420	1775.513742	126.297074	1.080431	1780.000000	0.000000	0.000012	341455.668019
1780.000000	0.000000	4332721975.853961	0.423353	1775.513742	0.000000	4321801915.513974	0.423353	126.297074	0.000000	307421409.644134	0.423353	4.068750	2.988319	9594859.021941	0.423353	0.000000	0.000000	543.230329	0.423353	0.000012	0.000000	45.516235	0.423353	1775.513742	126.297074	1.080431	1780.000000	0.000000	0.000012	341455.669953
1780.000000	0.000000	4591197352.460192	0.425270	1775.513742	0.000000	4579625838.663309	0.425270	126.297074	0.000000	325761119.664167	0.425270	4.068750	2.988319	9751749.403994	0.425270	0.000000	0.000000	543.230329	0.425270	0.000012	0.000000	47.246552	0.425270	1775.513742	126.297074	1.080431	1780.000000	0.000000	0.000012	341455.671869
1780.000000	0.000000	4851688988.165268	0.428587	1775.513742	0.000000	4839460939.193543	0.428587	126.297074	0.000000	344243890.147768	0.428587	4.068750	2.988319	9909863.622780	0.428587	0.000000	0.000000	543.230329	0.428587	0.000012	0.000000	48.990367	0.428587	1775.513742	126.297074	1.080431	1780.000000	0.000000	0.000012	341455.675186
1780.000000	0.000000	5113632424.035455	0.430976	1775.513742	0.000000	5100744180.816024	0.430976	126.297074	0.000000	362829670.807365	0.430976	4.068750	2.988319	10068859.060836	0.430976	0.000000	0.000000	543.230329	0.430976	0.000012	0.000000	50.743901	0.430976	1775.513742	126.297074	1.080431	1780.000000	0.000000	0.000012	341455.677575
1780.000000	0.000000	5376724957.996013	0.432867	1775.513742	0.000000	5363173624.377091	0.432867	126.297074	0.000000	381496983.897784	0.432867	4.068750	2.988319	10228551.982887	0.432867	0.000000	0.000000	543.230329	0.432867	0.000012	0.000000	52.505128	0.432867	1775.513742	126.297074	1.080431	1780.000000	0.000000	0.000012	341455.679466
1780.000000	0.000000	5641005195.543891	0.434821	1775.513742	0.000000	5626787778.073577	0.434821	126.297074	0.000000	400248568.610773	0.434821	4.068750	2.988319	10388965.821847	0.434821	0.000000	0.000000	543.230329	0.434821	0.000012	0.000000	54.274305	0.434821	1775.513742	126.297074	1.080431	1780.000000	0.000000	0.000012	341455.681420
1780.000000	0.000000	5907222726.537177	0.438008	1775.513742	0.000000	5892334342.520150	0.438008	126.297074	0.000000	419137610.904747	0.438008	4.068750	2.988319	10550555.566662	0.438008	0.000000	0.000000	543.230329	0.438008	0.000012	0.000000	56.056451	0.438008	1775.513742	126.297074	1.080431	1780.000000	0.000000	0.000012	341455.684607
1780.000000	0.000000	6175439846.229145	0.441298	1775.513742	0.000000	6159875455.963026	0.441298	126.297074	0.000000	438168530.840509	0.441298	4.068750	2.988319	10713359.029546	0.441298	0.000000	0.000000	543.230329	0.441298	0.000012	0.000000	57.851983	0.441298	1775.513742	126.297074	1.080431	1780.000000	0.000000	0.000012	341455.687897
1780.000000	0.000000	6444985053.156961	0.443483	1775.513742	0.000000	6428741309.371182	0.443483	126.297074	0.000000	457293683.097766	0.443483	4.068750	2.988319	10876968.619948	0.443483	0.000000	0.000000	543.230329	0.443483	0.000012	0.000000	59.656405	0.443483	1775.513742	126.297074	1.080431	1780.000000	0.000000	0.000012	341455.690083
1780.000000	0.000000	6715780258.964225	0.445540	1775.513742	0.000000	6698854011.199729	0.445540	126.297074	0.000000	476507527.041153	0.445540	4.068750	2.988319	11041336.939496	0.445540	0.000000	0.000000	543.230329	0.445540	0.000012	0.000000	61.469196	0.445540	1775.513742	126.297074	1.080431	1780.000000	0.000000	0.000012	341455.692139
1780.000000	0.000000	6988272643.900576	0.448332	1775.513742	0.000000	6970659614.638843	0.448332	126.297074	0.000000	495841791.635390	0.448332	4.068750	2.988319	11206735.419385	0.448332	0.000000	0.000000	543.230329	0.448332	0.000012	0.000000	63.293348	0.448332	1775.513742	126.297074	1.080431	1780.000000	0.000000	0.000012	341455.694930
1780.000000	0.000000	7262285266.173594	0.450834	1775.513742	0.000000	7243981623.854799	0.450834	126.297074	0.000000	515283922.256489	0.450834	4.068750	2.988319	11373056.658802	0.450834	0.000000	0.000000	543.230329	0.450834	0.000012	0.000000	65.127677	0.450834	1775.513742	126.297074	1.080431	1780.000000	0.000000	0.000012	341455.697433
1780.000000	0.000000	7537455760.645043	0.452739	1775.513742	0.000000	7518458587.003409	0.452739	126.297074	0.000000	534808207.861317	0.452739	4.068750	2.988319	11540080.707956	0.452739	0.000000	0.000000	543.230329	0.452739	0.000012	0.000000	66.969757	0.452739	1775.513742	126.297074	1.080431	1780.000000	0.000000	0.000012	341455.699338
1780.000000	0.000000	7813873329.405790	0.454790	1775.513742	0.000000	7794179481.353308	0.454790	126.297074	0.000000	554420977.642624	0.454790	4.068750	2.988319	11707861.711077	0.454790	0.000000	0.000000	543.230329	0.454790	0.000012	0.000000	68.820185	0.454790	1775.513742	126.297074	1.080431	1780.000000	0.000000	0.000012	341455.701390
1780.000000	0.000000	8092267674.725860	0.458043	1775.513742	0.000000	8071872170.055170	0.458043	126.297074	0.000000	574174006.466584	0.458043	4.068750	2.988319	11876842.585667	0.458043	0.000000	0.000000	543.230329	0.458043	0.000012	0.000000	70.683847	0.458043	1775.513742	126.297074	1.080431	1780.000000	0.000000	0.000012	341455.704641
1780.000000	0.000000	8372382596.567247	0.460874	1775.513742	0.000000	8351281098.789757	0.460874	126.297074	0.000000	594049116.066217	0.460874	4.068750	2.988319	12046867.822436	0.460874	0.000000	0.000000	543.230329	0.460874	0.000012	0.000000	72.559026	0.460874	1775.513742	126.297074	1.080431	1780.000000	0.000000	0.000012	341455.707472
1780.000000	0.000000	8653677618.080423	0.462815	1775.513742	0.000000	8631867152.908907	0.462815	126.297074	0.000000	614007957.764666	0.462815	4.068750	2.988319	12217609.360661	0.462815	0.000000	0.000000	543.230329	0.462815	0.000012	0.000000	74.442106	0.462815	1775.513742	126.297074	1.080431	1780.000000	0.000000	0.000012	341455.709415
1780.000000	0.000000	8936125539.953901	0.464712	1775.513742	0.000000	8913603201.653450	0.464712	126.297074	0.000000	634048601.677962	0.464712	4.068750	2.988319	12389050.690798	0.464712	0.000000	0.000000	543.230329	0.464712	0.000012	0.000000	76.332903	0.464712	1775.513742	126.297074	1.080431	1780.000000	0.000000	0.000012	341455.711312
1780.000000	0.000000	9220153362.341131	0.467312	1775.513742	0.000000	9196915168.978668	0.467312	126.297074	0.000000	654201344.924135	0.467312	4.068750	2.988319	12561450.995048	0.467312	0.000000	0.000000	543.230329	0.467312	0.000012	0.000000	78.234277	0.467312	1775.513742	126.297074	1.080431	1780.000000	0.000000	0.000012	341455.713910
1780.000000	0.000000	9506440190.985319	0.471028	1775.513742	0.000000	9482480449.030363	0.471028	126.297074	0.000000	674514372.373120	0.471028	4.068750	2.988319	12735222.479638	0.471028	0.000000	0.000000	543.230329	0.471028	0.000012	0.000000	80.150773	0.471028	1775.513742	126.297074	1.080431	1780.000000	0.000000	0.000012	341455.717627
1780.000000	0.000000	9794090202.999598	0.473271	1775.513742	0.000000	9769405476.726355	0.473271	126.297074	0.000000	694924122.334091	0.473271	4.068750	2.988319	12909821.394533	0.473271	0.000000	0.000000	543.230329	0.473271	0.000012	0.000000	82.076395	0.473271	1775.513742	126.297074	1.080431	1780.000000	0.000000	0.000012	341455.719870
1780.000000	0.000000	10083058066.192415	0.475439	1775.513742	0.000000	10057645034.128962	0.475439	126.297074	0.000000	715427378.333359	0.475439	4.068750	2.988319	13085220.223825	0.475439	0.000000	0.000000	543.230329	0.475439	0.000012	0.000000	84.010839	0.475439	1775.513742	126.297074	1.080431	1780.000000	0.000000	0.000012	341455.722038
1780.000000	0.000000	10374980419.592943	0.480300	1775.513742	0.000000	10348831635.332258	0.480300	126.297074	0.000000	736140265.495092	0.480300	4.068750	2.988319	13262412.380990	0.480300	0.000000	0.000000	543.230329	0.480300	0.000012	0.000000	85.965061	0.480300	1775.513742	126.297074	1.080431	1780.000000	0.000000	0.000012	341455.726898
1780.000000	0.000000	10668502853.798653	0.482933	1775.513742	0.000000	10641614284.545870	0.482933	126.297074	0.000000	756966683.850245	0.482933	4.068750	2.988319	13440575.761380	0.482933	0.000000	0.000000	543.230329	0.482933	0.000012	0.000000	87.929995	0.482933	1775.513742	126.297074	1.080431	1780.000000	0.000000	0.000012	341455.729532
1780.000000	0.000000	10963235219.347307	0.484924	1775.513742	0.000000	10935603815.628368	0.484924	126.297074	0.000000	777878950.963082	0.484924	4.068750	2.988319	13619473.550568	0.484924	0.000000	0.000000	543.230329	0.484924	0.000012	0.000000	89.903028	0.484924	1775.513742	126.297074	1.080431	1780.000000	0.000000	0.000012	341455.731523
1780.000000	4.000000	11259807816.022703	0.489050	1775.513742	4.000000	11231427256.278509	0.489050	126.297074	0.000000	798969182.532977	0.489050	4.077906	3.867236	13654653.160106	0.489050	0.000000	0.000000	543.230329	0.489050	0.000012	0.000000	91.897330	0.489050	1771.513742	126.297074	0.210670	1776.000000	0.000000	0.000012	341455.735649
1780.000000	4.000000	11557972228.959259	0.491675	1775.513742	4.000000	11528838492.188690	0.491675	126.297074	0.000000	820172613.278862	0.491675	4.077906	3.867236	13690021.591791	0.491675	0.000000	0.000000	543.230329	0.491675	0.000012	0.000000	93.902335	0.491675	1771.513742	126.297074	0.210670	1776.000000	0.000000	0.000012	341455.738274
1780.000000	4.000000	11857615236.416561	0.494114	1775.513742	4.000000	11827724587.621824	0.494114	126.297074	0.000000	841481191.638484	0.494114	4.077906	3.867236	13725565.415197	0.494114	0.000000	0.000000	543.230329	0.494114	0.000012	0.000000	95.917284	0.494114	1771.513742	126.297074	0.210670	1776.000000	0.000000	0.000012	341455.740713
1780.000000	4.000000	12158695401.583988	0.496483	1775.513742	4.000000	12128044210.438580	0.496483	126.297074	0.000000	862891970.906919	0.496483	4.077906	3.867236	13761279.715064	0.496483	0.000000	0.000000	543.230329	0.496483	0.000012	0.000000	97.941897	0.496483	1771.513742	126.297074	0.210670	1776.000000	0.000000	0.000012	341455.743082
1780.000000	4.000000	12461073823.550343	0.498624	1775.513742	4.000000	12429658810.597853	0.498624	126.297074	0.000000	884395073.393458	0.498624	4.077906	3.867236	13797148.014889	0.498624	0.000000	0.000000	543.230329	0.498624	0.000012	0.000000	99.975240	0.498624	1771.513742	126.297074	0.210670	1776.000000	0.000000	0.000012	341455.745223
1780.000000	4.000000	12764807988.643017	0.500860	1775.513742	4.000000	12732625729.213928	0.500860	126.297074	0.000000	905994587.135803	0.500860	4.077906	3.867236	13833177.133732	0.500860	0.000000	0.000000	543.230329	0.500860	0.000012	0.000000	102.017699	0.500860	1771.513742	126.297074	0.210670	1776.000000	0.000000	0.000012	341455.747459
1780.000000	4.000000	13069824361.090206	0.502974	1775.513742	4.000000	13036871616.269743	0.502974	126.297074	0.000000	927685282.768622	0.502974	4.077906	3.867236	13869358.348739	0.502974	0.000000	0.000000	543.230329	0.502974	0.000012	0.000000	104.068781	0.502974	1771.513742	126.297074	0.210670	1776.000000	0.000000	0.000012	341455.749573
1780.000000	4.000000	13376050280.545586	0.504969	1775.513742	4.000000	13342323994.962351	0.504969	126.297074	0.000000	949461993.180902	0.504969	4.077906	3.867236	13905683.040897	0.504969	0.000000	0.000000	543.230329	0.504969	0.000012	0.000000	106.127996	0.504969	1771.513742	126.297074	0.210670	1776.000000	0.000000	0.000012	341455.751568
1780.000000	4.000000	13684010127.242489	0.507828	1775.513742	4.000000	13649505920.916489	0.507828	126.297074	0.000000	971362008.738227	0.507828	4.077906	3.867236	13942213.412488	0.507828	0.000000	0.000000	543.230329	0.507828	0.000012	0.000000	108.198872	0.507828	1771.513742	126.297074	0.210670	1776.000000	0.000000	0.000012	341455.754427
1780.000000	4.000000	13993646414.897249	0.510593	1775.513742	4.000000	13958360053.061485	0.510593	126.297074	0.000000	993381241.406001	0.510593	4.077906	3.867236	13978942.644455	0.510593	0.000000	0.000000	543.230329	0.510593	0.000012	0.000000	110.281020	0.510593	1771.513742	126.297074	0.210670	1776.000000	0.000000	0.000012	341455.757191
1780.000000	4.000000	14304629107.895351	0.512813	1775.513742	4.000000	14268557189.467976	0.512813	126.297074	0.000000	1015496221.289791	0.512813	4.077906	3.867236	14015831.587787	0.512813	0.000000	0.000000	543.230329	0.512813	0.000012	0.000000	112.372222	0.512813	1771.513742	126.297074	0.210670	1776.000000	0.000000	0.000012	341455.759412
1780.000000	4.000000	14616766196.125170	0.514716	1775.513742	4.000000	14579905805.050711	0.514716	126.297074	0.000000	1037693293.932767	0.514716	4.077906	3.867236	14052857.466136	0.514716	0.000000	0.000000	543.230329	0.514716	0.000012	0.000000	114.471187	0.514716	1771.513742	126.297074	0.210670	1776.000000	0.000000	0.000012	341455.761316
1780.000000	4.000000	14930686819.176237	0.517657	1775.513742	4.000000	14893033450.163670	0.517657	126.297074	0.000000	1060017199.475393	0.517657	4.077906	3.867236	14090094.908397	0.517657	0.000000	0.000000	543.230329	0.517657	0.000012	0.000000	116.582145	0.517657	1771.513742	126.297074	0.210670	1776.000000	0.000000	0.000012	341455.764256
1780.000000	4.000000	15246390685.271885	0.520598	1775.513742	4.000000	15207939833.767229	0.520598	126.297074	0.000000	1082467917.168491	0.520598	4.077906	3.867236	14127543.879959	0.520598	0.000000	0.000000	543.230329	0.520598	0.000012	0.000000	118.705095	0.520598	1771.513742	126.297074	0.210670	1776.000000	0.000000	0.000012	341455.767197
1780.000000	4.000000	15563405647.933897	0.522760	1775.513742	4.000000	15524154002.046898	0.522760	126.297074	0.000000	1105011871.156868	0.522760	4.077906	3.867236	14165148.374538	0.522760	0.000000	0.000000	543.230329	0.522760	0.000012	0.000000	120.836861	0.522760	1771.513742	126.297074	0.210670	1776.000000	0.000000	0.000012	341455.769359
1780.000000	4.000000	15881623737.951965	0.524744	1775.513742	4.000000	15841568258.527563	0.524744	126.297074	0.000000	1127641383.402588	0.524744	4.077906	3.867236	14202895.584767	0.524744	0.000000	0.000000	543.230329	0.524744	0.000012	0.000000	122.976718	0.524744	1771.513742	126.297074	0.210670	1776.000000	0.000000	0.000012	341455.771343
1780.000000	4.000000	16201850931.042593	0.528057	1775.513742	4.000000	16160986542.993982	0.528057	126.297074	0.000000	1150413769.432074	0.528057	4.077906	3.867236	14240881.115940	0.528057	0.000000	0.000000	543.230329	0.528057	0.000012	0.000000	125.130084	0.528057	1771.513742	126.297074	0.210670	1776.000000	0.000000	0.000012	341455.774656
1780.000000	4.000000	16523501858.927849	0.530405	1775.513742	4.000000	16481824965.835430	0.530405	126.297074	0.000000	1173287401.823662	0.530405	4.077906	3.867236	14279035.531343	0.530405	0.000000	0.000000	543.230329	0.530405	0.000012	0.000000	127.293025	0.530405	1771.513742	126.297074	0.210670	1776.000000	0.000000	0.000012	341455.777004
1780.000000	4.000000	16846450460.252934	0.532545	1775.513742	4.000000	16803957784.133886	0.532545	126.297074	0.000000	1196253315.948812	0.532545	4.077906	3.867236	14317343.877504	0.532545	0.000000	0.000000	543.230329	0.532545	0.000012	0.000000	129.464692	0.532545	1771.513742	126.297074	0.210670	1776.000000	0.000000	0.000012	341455.779144
1780.000000	4.000000	17170582637.817514	0.534496	1775.513742	4.000000	17127271188.903799	0.534496	126.297074	0.000000	1219303397.988501	0.534496	4.077906	3.867236	14355792.620150	0.534496	0.000000	0.000000	543.230329	0.534496	0.000012	0.000000	131.644317	0.534496	1771.513742	126.297074	0.210670	1776.000000	0.000000	0.000012	341455.781096
1780.000000	4.000000	17496519360.639523	0.537472	1775.513742	4.000000	17452384580.566788	0.537472	126.297074	0.000000	1242481807.047558	0.537472	4.077906	3.867236	14394455.418977	0.537472	0.000000	0.000000	543.230329	0.537472	0.000012	0.000000	133.836078	0.537472	1771.513742	126.297074	0.210670	1776.000000	0.000000	0.000012	341455.784071
1780.000000	4.000000	17823897910.477070	0.539850	1775.513742	4.000000	17778936157.123932	0.539850	126.297074	0.000000	1265762749.064758	0.539850	4.077906	3.867236	14433289.248142	0.539850	0.000000	0.000000	543.230329	0.539850	0.000012	0.000000	136.037534	0.539850	1771.513742	126.297074	0.210670	1776.000000	0.000000	0.000012	341455.786449
1780.000000	4.000000	18152491551.949478	0.541853	1775.513742	4.000000	18106699755.938557	0.541853	126.297074	0.000000	1289130100.157662	0.541853	4.077906	3.867236	14472267.212166	0.541853	0.000000	0.000000	543.230329	0.541853	0.000012	0.000000	138.247160	0.541853	1771.513742	126.297074	0.210670	1776.000000	0.000000	0.000012	341455.788452
1780.000000	4.000000	18482451733.814548	0.544107	1775.513742	4.000000	18435826443.201935	0.544107	126.297074	0.000000	1312594630.334723	0.544107	4.077906	3.867236	14511407.275985	0.544107	0.000000	0.000000	543.230329	0.544107	0.000012	0.000000	140.465977	0.544107	1771.513742	126.297074	0.210670	1776.000000	0.000000	0.000012	341455.790705
1780.000000	4.000000	18813824853.683067	0.546437	1775.513742	4.000000	18766362499.322350	0.546437	126.297074	0.000000	1336159639.079328	0.546437	4.077906	3.867236	14550714.943312	0.546437	0.000000	0.000000	543.230329	0.546437	0.000012	0.000000	142.694294	0.546437	1771.513742	126.297074	0.210670	1776.000000	0.000000	0.000012	341455.793035
1780.000000	4.000000	19146800003.654636	0.549078	1775.513742	4.000000	19098496538.744061	0.549078	126.297074	0.000000	1359838573.339081	0.549078	4.077906	3.867236	14590212.644357	0.549078	0.000000	0.000000	543.230329	0.549078	0.000012	0.000000	144.933384	0.549078	1771.513742	126.297074	0.210670	1776.000000	0.000000	0.000012	341455.795677
1780.000000	4.000000	19481193344.229561	0.551417	1775.513742	4.000000	19432045186.354412	0.551417	126.297074	0.000000	1383618359.695658	0.551417	4.077906	3.867236	14629878.571976	0.551417	0.000000	0.000000	543.230329	0.551417	0.000012	0.000000	147.182011	0.551417	1771.513742	126.297074	0.210670	1776.000000	0.000000	0.000012	341455.798017
1780.000000	4.000000	19816739621.253372	0.553318	1775.513742	4.000000	19766743858.043133	0.553318	126.297074	0.000000	1407480135.072680	0.553318	4.077906	3.867236	14669681.261570	0.553318	0.000000	0.000000	543.230329	0.553318	0.000012	0.000000	149.438390	0.553318	1771.513742	126.297074	0.210670	1776.000000	0.000000	0.000012	341455.799918
1780.000000	4.000000	20153510619.697468	0.555338	1775.513742	4.000000	20102664157.449474	0.555338	126.297074	0.000000	1431429004.330431	0.555338	4.077906	3.867236	14709629.228314	0.555338	0.000000	0.000000	543.230329	0.555338	0.000012	0.000000	151.703006	0.555338	1771.513742	126.297074	0.210670	1776.000000	0.000000	0.000012	341455.801937
1780.000000	4.000000	20491991325.765846	0.558157	1775.513742	4.000000	20440289845.679974	0.558157	126.297074	0.000000	1455499456.398318	0.558157	4.077906	3.867236	14749780.001544	0.558157	0.000000	0.000000	543.230329	0.558157	0.000012	0.000000	153.979118	0.558157	1771.513742	126.297074	0.210670	1776.000000	0.000000	0.000012	341455.804756
1780.000000	4.000000	20832382212.122746	0.561307	1775.513742	4.000000	20779820888.995689	0.561307	126.297074	0.000000	1479705747.532513	0.561307	4.077906	3.867236	14790157.361444	0.561307	0.000000	0.000000	543.230329	0.561307	0.000012	0.000000	156.268075	0.561307	1771.513742	126.297074	0.210670	1776.000000	0.000000	0.000012	341455.807906
1780.000000	4.000000	21173987314.841812	0.563309	1775.513742	4.000000	21120563081.507175	0.563309	126.297074	0.000000	1503998385.498956	0.563309	4.077906	3.867236	14830678.752376	0.563309	0.000000	0.000000	543.230329	0.563309	0.000012	0.000000	158.565197	0.563309	1771.513742	126.297074	0.210670	1776.000000	0.000000	0.000012	341455.809909
1780.000000	4.000000	21516747396.751617	0.565214	1775.513742	4.000000	21462457335.678818	0.565214	126.297074	0.000000	1528373157.751789	0.565214	4.077906	3.867236	14871337.147595	0.565214	0.000000	0.000000	543.230329	0.565214	0.000012	0.000000	160.870086	0.565214	1771.513742	126.297074	0.210670	1776.000000	0.000000	0.000012	341455.811813
1780.000000	4.000000	21862836433.408123	0.570703	1775.513742	4.000000	21807672135.504299	0.570703	126.297074	0.000000	1552984662.687549	0.570703	4.077906	3.867236	14912390.425313	0.570703	0.000000	0.000000	543.230329	0.570703	0.000012	0.000000	163.197360	0.570703	1771.513742	126.297074	0.210670	1776.000000	0.000000	0.000012	341455.817301
1780.000000	4.000000	22210526333.160206	0.573343	1775.513742	4.000000	22154483754.571518	0.573343	126.297074	0.000000	1577710010.148802	0.573343	4.077906	3.867236	14953633.598319	0.573343	0.000000	0.000000	543.230329	0.573343	0.000012	0.000000	165.535400	0.573343	1771.513742	126.297074	0.210670	1776.000000	0.000000	0.000012	341455.819942
1780.000000	4.000000	22560897372.251450	0.577764	1775.513742	4.000000	22503969740.296562	0.577764	126.297074	0.000000	1602626022.055010	0.577764	4.077906	3.867236	14995194.809594	0.577764	0.000000	0.000000	543.230329	0.577764	0.000012	0.000000	167.891468	0.577764	1771.513742	126.297074	0.210670	1776.000000	0.000000	0.000012	341455.824363
1780.000000	4.000000	22913250668.628273	0.581033	1775.513742	4.000000	22855432976.034073	0.581033	126.297074	0.000000	1627682998.654695	0.581033	4.077906	3.867236	15036991.157351	0.581033	0.000000	0.000000	543.230329	0.581033	0.000012	0.000000	170.260867	0.581033	1771.513742	126.297074	0.210670	1776.000000	0.000000	0.000012	341455.827631
1780.000000	4.000000	23267284492.005802	0.583804	1775.513742	4.000000	23208572493.683758	0.583804	126.297074	0.000000	1652859482.936484	0.583804	4.077906	3.867236	15078986.850173	0.583804	0.000000	0.000000	543.230329	0.583804	0.000012	0.000000	172.641565	0.583804	1771.513742	126.297074	0.210670	1776.000000	0.000000	0.000012	341455.830403
1780.000000	11.000000	23622851588.660069	0.588653	1775.513742	11.000000	23563237857.363621	0.588653	126.297074	0.000000	1678245058.975694	0.588653	4.094029	3.955128	15106905.793046	0.588653	0.000000	0.000000	543.230329	0.588653	0.000012	0.000000	175.051527	0.588653	1764.513742	126.297074	0.138901	1769.000000	0.000000	0.000012	341455.835250
1780.000000	48.093659	23972993548.172577	0.592087	1775.513742	48.000000	23912491758.892338	0.592087	126.297074	3.000000	1703172203.218414	0.592087	4.082424	4.043019	15114872.232991	0.592087	0.000000	0.000000	543.230329	0.592087	0.000012	0.000000	177.468675	0.592087	1727.513742	123.297074	0.039404	1731.906341	0.000000	0.000012	341455.838685
1780.000000	111.220502	23972994066.762733	0.927232	1775.513742	111.000000	23912492276.156868	0.927232	126.297074	7.000000	1703172240.291190	0.927232	4.099426	4.130911	15114872.242775	0.927232	0.000000	0.000000	543.230329	0.927232	12.231681	0.000000	181.269794	0.927232	1664.513742	119.297074	-0.031485	1668.779498	0.000000	12.231681	0.335148
1780.000000	200.489401	23972994692.090240	1.245177	1775.513742	200.000000	23912492899.902020	1.245177	126.297074	14.000000	1703172284.749549	1.245177	4.076947	4.130911	15114872.264140	1.245177	0.000000	0.000000	543.230329	1.245177	12.822744	0.000000	186.346312	1.245177	1575.513742	112.297074	-0.053964	1579.510599	0.000000	12.822744	0.317947
1780.000000	362.862233	23972995405.924927	1.566690	1775.513742	362.000000	23912493611.911228	1.566690	126.297074	25.000000	1703172335.774486	1.566690	4.098998	4.130911	15114872.280215	1.566690	0.000000	0.000000	543.230329	1.566690	12.748970	0.000000	192.768170	1.566690	1413.513742	101.297074	-0.031913	1417.137767	0.000000	12.748970	0.321516
1780.000000	496.235831	23972996174.926693	1.884547	1775.513742	495.000000	23912494378.965919	1.884547	126.297074	35.000000	1703172390.463356	1.884547	4.078129	4.130911	15114872.311832	1.884547	0.000000	0.000000	543.230329	1.884547	12.829978	0.000000	200.453596	1.884547	1280.513742	91.297074	-0.052782	1283.764169	0.000000	12.829978	0.317859
1780.000000	625.549359	23972996990.680206	2.205004	1775.513742	624.000000	23912495192.644173	2.205004	126.297074	44.000000	1703172448.615801	2.205004	4.087899	4.130911	15114872.342226	2.205004	0.000000	0.000000	543.230329	2.205004	12.756335	0.000000	209.467429	2.205004	1151.513742	82.297074	-0.043012	1154.450641	0.000000	12.756335	0.320460
1780.000000	749.875323	23972997822.356636	2.524775	1775.513742	748.000000	23912496022.212650	2.524775	126.297074	53.000000	1703172507.792569	2.524775	4.080248	4.130911	15114872.383128	2.524775	0.000000	0.000000	543.230329	2.524775	12.759823	0.000000	219.769137	2.524775	1027.513742	73.297074	-0.050663	1030.124677	0.000000	12.759823	0.319773
1780.000000	864.155657	23972998657.247322	2.845178	1775.513742	862.000000	23912496854.978745	2.845178	126.297074	61.000000	1703172567.317879	2.845178	4.088493	4.130911	15114872.421797	2.845178	0.000000	0.000000	543.230329	2.845178	12.760413	0.000000	231.401627	2.845178	913.513742	65.297074	-0.042418	915.844343	0.000000	12.760413	0.320404
1780.000000	973.448509	23972999417.347958	3.144842	1775.513742	971.000000	23912497613.158989	3.144842	126.297074	69.000000	1703172621.315105	3.144842	4.073699	4.130911	15114872.475714	3.144842	0.000000	0.000000	543.230329	3.144842	13.594046	0.000000	244.212766	3.144842	804.513742	57.297074	-0.057212	806.551491	0.000000	13.594046	0.299668
1780.000000	1104.756987	23973000113.958458	3.444356	1775.513742	1102.000000	23912498307.985497	3.444356	126.297074	78.000000	1703172671.140499	3.444356	4.101609	4.130911	15114872.505944	3.444356	0.000000	0.000000	543.230329	3.444356	13.694065	0.000000	258.340167	3.444356	673.513742	48.297074	-0.029302	675.243013	0.000000	13.694065	0.299517
1780.000000	1189.968487	23973000827.005932	3.765308	1775.513742	1187.000000	23912499019.198761	3.765308	126.297074	84.000000	1703172722.256111	3.765308	4.110837	4.130911	15114872.530203	3.765308	0.000000	0.000000	543.230329	3.765308	12.808182	0.000000	273.818733	3.765308	588.513742	42.297074	-0.020074	590.031513	0.000000	12.808182	0.320954
1780.000000	1275.179987	23973001486.449322	4.085078	1775.513742	1272.000000	23912499676.935780	4.085078	126.297074	90.000000	1703172769.670764	4.085078	4.123180	4.130911	15114872.540302	4.085078	0.000000	0.000000	543.230329	4.085078	12.894119	0.000000	290.662244	4.085078	503.513742	36.297074	-0.007731	504.820013	0.000000	12.894119	0.319772
1780.000000	1352.340933	23973002088.954884	4.404911	1775.513742	1349.000000	23912500277.827755	4.404911	126.297074	95.000000	1703172813.763507	4.404911	4.196775	4.130911	15114872.633094	4.404911	0.000000	0.000000	543.230329	4.404911	13.121679	0.000000	309.148664	4.404911	426.513742	31.297074	0.065864	427.659067	0.000000	13.121679	0.319835
1780.000000	1421.521720	23973002630.475811	4.724639	1775.513742	1418.000000	23912500817.891640	4.724639	126.297074	100.000000	1703172853.488134	4.724639	4.206839	4.130911	15114872.747792	4.724639	0.000000	0.000000	543.230329	4.724639	13.157462	0.000000	329.024459	4.724639	357.513742	26.297074	0.075928	358.478280	0.000000	13.157462	0.319730
1780.000000	1504.738183	23973003078.650188	5.047225	1775.513742	1501.000000	23912501264.848022	5.047225	126.297074	106.000000	1703172886.535321	5.047225	4.228657	4.130911	15114872.906939	5.047225	0.000000	0.000000	543.230329	5.047225	13.108533	0.000000	350.367443	5.047225	274.513742	20.297074	0.097746	275.261817	0.000000	13.108533	0.322588
1780.000000	1553.898324	23973003464.234402	5.365083	1775.513742	1550.000000	23912501649.429596	5.365083	126.297074	110.000000	1703172914.327660	5.365083	4.133376	4.130911	15114872.911143	5.365083	0.000000	0.000000	543.230329	5.365083	13.003669	0.000000	372.543349	5.365083	225.513742	16.297074	0.002465	226.101676	0.000000	13.003669	0.317862
1780.000000	1601.990325	23973003787.926830	5.684943	1775.513742	1598.000000	23912501972.220219	5.684943	126.297074	113.000000	1703172938.507032	5.684943	4.283871	4.130911	15114873.189286	5.684943	0.000000	0.000000	543.230329	5.684943	13.392868	0.000000	396.896912	5.684943	177.513742	13.297074	0.152960	178.009675	0.000000	13.392868	0.319862
1780.000000	1643.099814	23973004050.730591	6.004639	1775.513742	1639.000000	23912502234.282131	6.004639	126.297074	116.000000	1703172958.274061	6.004639	4.313586	4.130911	15114873.539963	6.004639	0.000000	0.000000	543.230329	6.004639	13.492668	0.000000	422.798439	6.004639	136.513742	10.297074	0.182675	136.900186	0.000000	13.492668	0.319699
1780.000000	1687.201826	23973004240.128532	6.327208	1775.513742	1683.000000	23912502423.099556	6.327208	126.297074	119.000000	1703172973.167143	6.327208	4.509900	4.130911	15114874.313467	6.327208	0.000000	0.000000	543.230329	6.327208	13.981160	0.000000	451.333514	6.327208	92.513742	7.297074	0.378989	92.798174	0.000000	13.981160	0.322570
1780.000000	1708.220126	23973004391.290787	6.644160	1775.513742	1704.000000	23912502573.701363	6.644160	126.297074	120.000000	1703172986.428241	6.644160	5.032146	4.130911	15114876.211391	6.644160	0.000000	0.000000	543.230329	6.644160	15.876423	0.000000	484.767899	6.644160	71.513742	6.297074	0.901235	71.779874	0.000000	15.876423	0.316957
1780.000000	1731.303844	23973004499.622154	6.963625	1775.513742	1727.000000	23912502681.626926	6.963625	126.297074	122.000000	1703172995.987680	6.963625	5.061728	4.130911	15114878.282123	6.963625	0.000000	0.000000	543.230329	6.963625	15.844358	0.000000	520.015876	6.963625	48.513742	4.297074	0.930817	48.696156	0.000000	15.844358	0.319466
1780.000000	1747.334542	23973004576.008411	7.284631	1775.513742	1743.000000	23912502757.658401	7.284631	126.297074	123.000000	1703173003.697695	7.284631	5.790317	4.130911	15114882.162547	7.284631	0.000000	0.000000	543.230329	7.284631	18.037794	0.000000	562.196199	7.284631	32.513742	3.297074	1.659406	32.665458	0.000000	18.037794	0.321010
