30500	30500	0	0.000000
30478	30377	101	0.000000
30182	30090	92	11.220672
29893	29800	93	27.017737
29601	29507	94	48.203830
29309	29215	94	75.104872
29017	28923	94	107.402795
28727	28631	96	145.300565
28434	28340	94	189.204541
28143	28049	94	237.804482
27852	27757	95	291.727465
27560	27466	94	352.151809
27265	27168	97	416.459537
26964	26868	96	489.068988
26666	26568	98	567.030234
26366	26269	97	650.606198
26065	25969	96	739.700530
25766	25670	96	833.482361
25466	25369	97	932.858061
25168	25070	98	1038.801206
24868	24771	97	1151.524014
24569	24472	97	1270.512835
24269	24172	97	1391.436018
23968	23872	96	1519.746387
23670	23571	99	1652.742484
23369	23271	98	1794.704914
23068	22970	98	1940.876544
22767	22670	97	2093.465069
22466	22369	97	2249.411010
22165	22066	99	2411.572150
21862	21763	99	2582.273233
21560	21460	100	2758.509496
21265	21167	98	2943.227270
20972	20873	99	3134.248124
20680	20536	144	3336.153806
20240	20144	96	3655.783389
19945	19844	101	3855.779283
19655	19554	101	4071.675070
19362	19260	102	4295.331163
19070	18966	104	4524.092626
18778	18675	103	4763.495522
18487	18383	104	5007.667749
18196	18091	105	5260.246067
17906	17799	107	5521.407995
17616	17509	107	5792.795708
17327	17220	107	6071.175451
17038	16930	108	6356.130104
16750	16642	108	6648.468588
16462	16355	107	6947.783114
16175	16066	109	7252.947772
15889	15781	108	7565.469390
15601	15492	109	7883.701684
15315	15207	108	8210.959349
15028	14920	108	8541.515887
14743	14635	108	8878.345833
14460	14357	103	9221.293054
14176	14070	106	9556.878371
13894	13787	107	9902.852223
13611	13510	101	10261.126793
13326	13227	99	10607.196399
13040	12942	98	10948.219712
12756	12651	105	11298.467439
12473	12373	100	11669.617034
12191	12091	100	12034.477629
11908	11812	96	12401.795815
11628	11530	98	12761.959339
11338	11327	11	13072.342246
11167	11188	-21	13100.476011
11101	11112	-11	13154.777590
11027	11039	-12	13183.481022
10958	10970	-12	13215.097847
10890	10904	-14	13247.035589
10819	10831	-12	13285.179719
10749	10759	-10	13317.301391
10681	10695	-14	13344.694208
10612	10625	-13	13383.384799
10543	10554	-11	13419.862250
10472	10482	-10	13450.628002
10404	10418	-14	13479.052339
10333	10344	-11	13519.049977
10263	10273	-10	13550.963499
10194	10204	-10	13580.134940
10127	10140	-13	13609.562398
10056	10067	-11	13648.443677
9987	9996	-9	13681.118138
9921	9932	-11	13708.265262
9852	9864	-12	13741.927347
9781	9791	-10	13778.642514
9712	9721	-9	13809.677885
9645	9658	-13	13837.687511
9575	9586	-11	13878.566173
9505	9515	-10	13913.676680
9436	9445	-9	13945.528142
9368	9382	-14	13974.542104
9299	9311	-12	14019.876989
9230	9238	-8	14059.215120
9163	9172	-9	14085.650255
9097	9108	-11	14115.587178
9025	9034	-9	14152.473169
8957	8964	-7	14183.658214
8889	8899	-10	14206.813129
8820	8830	-10	14241.779994
8750	8759	-9	14275.736757
8682	8689	-7	14307.005179
8615	8628	-13	14332.407269
8545	8554	-9	14376.714270
8472	8479	-7	14408.803359
8401	8409	-8	14433.877535
8329	8339	-10	14462.735586
8257	8265	-8	14499.034411
8184	8192	-8	14528.338739
8114	8124	-10	14557.808279
8040	8050	-10	14594.922037
7972	7981	-9	14632.262149
7906	7913	-7	14666.128725
7841	7852	-11	14692.642767
7772	7782	-10	14734.528643
7704	7711	-7	14772.931512
7632	7639	-7	14800.081404
7563	7571	-8	14827.210454
7488	7496	-8	14858.548192
7417	7424	-7	14890.028509
7347	7357	-10	14917.835566
7274	7284	-10	14957.875899
7202	7209	-7	14997.882751
7132	7140	-8	15026.138294
7062	7073	-11	15058.721733
6988	6996	-8	15103.875361
6920	6925	-5	15136.656373
6851	6860	-9	15157.394612
6785	6795	-10	15194.863189
6717	6725	-8	15237.007741
6650	6657	-7	15270.631762
6584	6594	-10	15300.368072
6518	6526	-8	15343.183904
6452	6460	-8	15377.383461
6385	6392	-7	15412.014733
6321	6332	-11	15442.550073
6253	6261	-8	15490.626116
6187	6195	-8	15525.840606
6121	6128	-7	15561.256061
6056	6068	-12	15592.421031
5988	5997	-9	15646.126663
5922	5930	-8	15686.666762
5856	5863	-7	15722.880073
5792	5803	-11	15754.825058
5725	5733	-8	15805.244631
5660	5667	-7	15842.088706
5595	5603	-8	15874.543367
5532	5543	-11	15912.585926
5465	5474	-9	15963.027390
5400	5407	-7	16005.301945
5336	5343	-7	16038.476813
5271	5281	-10	16071.794580
5205	5214	-9	16119.694239
5141	5148	-7	16162.930805
5077	5084	-7	16196.787868
5014	5025	-11	16230.891221
4946	4954	-8	16284.550178
4882	4889	-7	16323.928096
4818	4826	-8	16358.490755
4754	4764	-10	16398.127761
4687	4696	-9	16448.083446
4623	4630	-7	16493.336531
4559	4567	-8	16528.572948
4496	4505	-9	16569.096556
4428	4437	-9	16614.936500
4364	4371	-7	16660.944379
4301	4309	-8	16696.977450
4236	4247	-11	16738.343942
4170	4178	-8	16795.527229
4106	4113	-7	16838.860732
4043	4052	-9	16874.141991
3981	3991	-10	16921.624089
3915	3924	-9	16974.534292
3852	3858	-6	17022.810688
3799	3798	1	17054.737962
3734	3735	-1	17060.105768
3670	3669	1	17065.518611
3606	3603	3	17070.940453
3543	3541	2	17087.262908
3481	3480	1	17098.225965
3414	3413	1	17103.728532
3351	3348	3	17109.256117
3288	3287	1	17125.869100
3224	3224	0	17131.464477
3159	3157	2	17131.464477
3096	3092	4	17142.741845
3033	3032	1	17165.385270
2971	2971	0	17171.058193
2904	2902	2	17171.058193
2842	2838	4	17182.507569
2778	2777	1	17205.581210
2713	2713	0	17211.351792
2648	2647	1	17211.351792
2584	2581	3	17217.174402
2522	2522	0	17234.804366
2460	2460	0	17234.804366
2393	2392	1	17234.804366
2341	2326	15	17240.755045
2280	2266	14	17329.970010
2216	2204	12	17413.789083
2151	2138	13	17486.418407
2087	2072	15	17564.481000
2024	2011	13	17655.448788
1963	1952	11	17734.633374
1896	1883	13	17802.184316
1844	1818	26	17881.804538
1781	1755	26	18041.816182
1718	1694	24	18203.018585
1652	1628	24	18352.159293
1600	1562	38	18501.985831
1538	1501	37	18741.993694
1489	1442	47	18973.327665
1421	1373	48	19270.720483
1371	1309	62	19575.379349
1321	1248	73	19979.003206
1283	1188	95	20437.654083
1242	1121	121	21049.666478
1218	1058	160	21823.012954
