-30500	-30494	-6	0.000000
-30494	-30305	-189	0.341785
-30305	-30114	-191	22.096011
-30114	-29923	-191	55.146510
-29923	-29732	-191	99.229939
-29732	-29542	-190	154.906122
-29542	-29350	-192	219.402098
-29350	-29078	-272	296.661596
-29078	-28873	-205	445.782879
-28873	-28654	-219	563.827987
-28654	-28462	-192	693.321224
-28462	-28272	-190	817.474867
-28272	-28082	-190	951.231485
-28082	-27891	-191	1095.949355
-27891	-27700	-191	1252.973689
-27700	-27509	-191	1420.259156
-27509	-27318	-191	1599.048934
-27318	-27129	-189	1789.136494
-27129	-26938	-191	1987.552373
-26938	-26747	-191	2198.847476
-26747	-26555	-192	2421.400282
-26555	-26365	-190	2656.336590
-26365	-26175	-190	2899.673874
-26175	-25985	-190	3154.260786
-25985	-25794	-191	3419.955053
-25794	-25603	-191	3696.942110
-25603	-25417	-186	3986.600746
-25417	-25232	-185	4278.104572
-25232	-25047	-185	4578.718233
-25047	-24861	-186	4897.038513
-24861	-24675	-186	5214.568985
-24675	-24489	-186	5548.639599
-24489	-24305	-184	5901.436556
-24305	-24120	-185	6247.173591
-24120	-23935	-185	6619.689512
-23935	-23750	-185	6990.849806
-23750	-23565	-185	7374.801706
-23565	-23380	-185	7769.400317
-23380	-23195	-185	8177.871015
-23195	-23010	-185	8596.066241
-23010	-22826	-184	9023.770020
-22826	-22642	-184	9461.384732
-22642	-22458	-184	9908.862429
-22458	-22274	-184	10368.149816
-22274	-22090	-184	10835.461351
-22090	-21906	-184	11315.871991
-21906	-21723	-183	11809.405533
-21723	-21538	-185	12303.005422
-21538	-21353	-185	12817.504201
-21353	-21170	-183	13343.027056
-21170	-20987	-183	13873.332773
-20987	-20805	-182	14411.772315
-20805	-20620	-185	14961.397947
-20620	-20436	-184	15530.007852
-20434	-20253	-181	16102.358464
-20251	-20070	-181	16685.912931
-20068	-19887	-181	17265.949713
-19885	-19705	-180	17860.445900
-19703	-19520	-183	18464.601076
-19518	-19340	-178	19097.501889
-19336	-19158	-178	19706.934893
-19154	-18974	-180	20335.629664
-18968	-18791	-177	20980.836566
-18780	-18609	-171	21624.795226
-18584	-18388	-196	22273.563072
-18584	-18380	-204	22991.087198
-18584	-18383	-201	23636.717009
-18584	-18383	-201	24151.474380
-18584	-18383	-201	24676.947092
-18584	-18383	-201	25218.553624
-18584	-18383	-201	25732.215237
-18584	-18383	-201	26286.599910
-18584	-18383	-201	26813.425815
-18584	-18383	-201	27352.173764
-18584	-18383	-201	27901.899998
-18584	-18383	-201	28460.902733
-18584	-18383	-201	29020.364264
-18584	-18383	-201	29587.603929
-18584	-18383	-201	30167.892633
-18584	-18383	-201	30736.852071
-18584	-18383	-201	31319.858860
-18584	-18383	-201	31902.697363
-18584	-18383	-201	32719.923329
-18584	-18383	-201	33946.057632
-18584	-18383	-201	34537.999929
-18584	-18383	-201	35166.887204
-18584	-18383	-201	35774.791681
-18584	-18383	-201	36399.182877
-18584	-18383	-201	37028.738775
-18584	-18383	-201	37662.739694
-18584	-18383	-201	38413.972362
-18584	-18383	-201	39031.786374
-18584	-18383	-201	39682.934825
-18584	-18383	-201	40340.274910
-18584	-18383	-201	41000.902852
-18584	-18383	-201	41668.409352
-18584	-18383	-201	42339.938647
-18584	-18383	-201	43019.546505
-18584	-18383	-201	43706.669035
-18584	-18383	-201	44389.532815
-18584	-18383	-201	45080.727761
-18584	-18383	-201	45778.226666
-18584	-18383	-201	46495.161966
-18584	-18383	-201	47188.535742
-18584	-18383	-201	47913.240495
-18584	-18383	-201	48619.470377
-18584	-18383	-201	49343.844288
-18584	-18383	-201	50071.401257
-18584	-18383	-201	50804.184229
-18584	-18383	-201	51543.723526
-18584	-18383	-201	52287.815477
-18584	-18383	-201	53034.880070
-18584	-18383	-201	53793.541133
-18584	-18383	-201	54547.819314
-18584	-18383	-201	55312.923127
-18584	-18383	-201	56083.011123
-18584	-18383	-201	56857.045401
-18584	-18383	-201	57636.690566
-18584	-18383	-201	58421.387913
-18584	-18383	-201	59213.882239
-18584	-18383	-201	60009.616409
-18584	-18383	-201	60806.975594
-18584	-18383	-201	61716.868522
-18584	-18383	-201	62533.796240
-18584	-18383	-201	63343.288989
-18584	-18383	-201	64182.008633
-18584	-18383	-201	64999.155137
-18584	-18383	-201	65824.872493
-18584	-18383	-201	66661.546382
-18584	-18383	-201	67505.022740
-18584	-18383	-201	68352.341607
-18584	-18383	-201	69206.611316
-18584	-18383	-201	70064.077544
-18584	-18383	-201	71148.767488
-18584	-18383	-201	72012.849104
-18584	-18383	-201	72886.880868
-18584	-18383	-201	73769.785309
-18584	-18383	-201	74652.561273
-18584	-18383	-201	75541.615742
-18584	-18383	-201	76437.959762
-18584	-18383	-201	77339.928189
-18584	-18383	-201	78243.612752
-18584	-18383	-201	79153.565394
-18584	-18383	-201	80078.028745
-18584	-18383	-201	80998.476766
-18584	-18383	-201	81915.987887
-18584	-18383	-201	82848.873131
-18584	-18383	-201	83786.973332
-18584	-18383	-201	84729.896463
-18584	-18383	-201	85675.518721
-18584	-18383	-201	86627.256734
-18584	-18383	-201	87582.166120
-18584	-18383	-201	88543.996902
-18584	-18383	-201	89512.257207
-18584	-18383	-201	90484.786147
-18584	-18383	-201	91461.622883
-18584	-18383	-201	92443.381055
-18584	-18383	-201	93433.811050
-18584	-18383	-201	94425.145177
-18584	-18383	-201	95421.876534
-18584	-18383	-201	96425.874335
-18584	-18383	-201	97434.104811
-18584	-18383	-201	98447.859032
-18584	-18383	-201	99466.483873
-18584	-18383	-201	100490.046316
-18584	-18383	-201	101521.802617
-18584	-18383	-201	102555.619114
-18584	-18383	-201	103593.817826
-18584	-18383	-201	104826.943745
-18584	-18383	-201	105821.057959
-18584	-18383	-201	106874.140762
-18584	-18383	-201	107935.083955
-18584	-18383	-201	109002.413653
-18584	-18383	-201	110069.504593
-18584	-18383	-201	111145.727436
-18584	-18383	-201	112226.455109
-18584	-18383	-201	113310.076805
-18584	-18383	-201	114401.523677
-18584	-18383	-201	115510.637906
-18584	-18383	-201	116600.080530
-18584	-18383	-201	117706.690339
-18584	-18383	-201	118818.420517
-18584	-18383	-201	119940.404263
-18584	-18383	-201	121062.034998
-18584	-18383	-201	122188.986207
-18584	-18383	-201	123317.520751
-18584	-18383	-201	124455.278658
-18584	-18383	-201	125597.382071
-18584	-18383	-201	126749.361908
-18584	-18383	-201	127897.602429
-18584	-18383	-201	129064.069455
-18584	-18383	-201	130290.822460
-18584	-18383	-201	131389.060872
-18584	-18383	-201	132563.733525
-18584	-18383	-201	133740.772391
-18584	-18383	-201	134939.968262
-18584	-18383	-201	136114.547398
-18584	-18383	-201	137315.010052
-18584	-18383	-201	138509.720211
-18584	-18383	-201	139712.624302
-18584	-18383	-201	140921.547728
-18584	-18383	-201	142137.224546
-18584	-18383	-201	143364.074667
-18584	-18383	-201	144583.163086
-18584	-18383	-201	145814.840352
